2 0.077305 0.270000 0.019775 0.079687
2 0.381846 0.163359 0.017139 0.072656
2 0.515000 0.252422 0.011865 0.063281
0 0.359434 0.157500 0.025049 0.084375
0 0.499180 0.247734 0.011865 0.058594
0 0.462925 0.337969 0.013184 0.037500
0 0.499180 0.489140 0.011865 0.025781
0 0.300108 0.462187 0.014502 0.028125
0 0.010728 0.448125 0.013184 0.023437
0 0.772739 0.367265 0.021094 0.030469
0 0.786582 0.415312 0.011865 0.037500
0 0.897983 0.469218 0.013184 0.028125
0 0.916440 0.333281 0.010547 0.056250
0 0.932261 0.439922 0.023730 0.035156
0 0.897324 0.498515 0.014502 0.025781
