2 0.195929 0.295033 0.008046 0.039338
2 0.149662 0.315596 0.008046 0.033974
0 0.203975 0.292351 0.006035 0.037550
0 0.533876 0.362086 0.006035 0.019669
0 0.549969 0.364768 0.006035 0.021457
2 0.638981 0.143746 0.013075 0.062195
0 0.613334 0.143046 0.016093 0.064371
2 0.725983 0.284305 0.008046 0.032185
2 0.441553 0.290563 0.008467 0.026821
0 0.329699 0.423775 0.006035 0.017881
0 0.733526 0.350464 0.007041 0.021457
0 0.973911 0.269106 0.013075 0.030397
0 0.527841 0.399636 0.008046 0.008940
2 0.745713 0.349453 0.017139 0.035156
