2 0.380949 0.382350 0.017660 0.058306
2 0.616203 0.202948 0.023967 0.094186
2 0.649631 0.534842 0.015137 0.035880
2 0.472402 0.605930 0.008830 0.017940
0 0.250392 0.443347 0.016398 0.042608
0 0.207503 0.554352 0.013876 0.026910
0 0.218856 0.549867 0.013876 0.031395
0 0.653794 0.567807 0.023967 0.022425
0 0.476564 0.621627 0.010091 0.013455
0 0.593876 0.197791 0.027751 0.085216
0 0.393058 0.380332 0.014128 0.046644
0 0.368587 0.381677 0.017660 0.053821
0 0.756347 0.167068 0.156416 0.069518
2 0.592778 0.582510 0.007749 0.021429
