2 0.710257 0.057521 0.021830 0.067916
2 0.856441 0.286217 0.013254 0.048511
0 0.846305 0.360369 0.014813 0.049897
0 0.862678 0.358983 0.013254 0.038809
2 0.399178 0.428285 0.009356 0.019405
2 0.452584 0.440760 0.007017 0.008316
2 0.513397 0.413732 0.005458 0.023563
2 0.567192 0.431057 0.010135 0.022177
2 0.541854 0.434522 0.006237 0.018018
0 0.401128 0.447690 0.007017 0.016632
0 0.452584 0.450462 0.007017 0.011088
0 0.569921 0.448383 0.006237 0.012474
0 0.323163 0.442839 0.010135 0.020791
2 0.337197 0.442146 0.007017 0.019405
