2 0.166294 0.151172 0.010547 0.082031
0 0.184751 0.164062 0.015820 0.056250
0 0.151792 0.157031 0.013184 0.070312
0 0.578941 0.417187 0.018457 0.037500
0 0.402281 0.397265 0.010547 0.039844
2 0.313291 0.478125 0.014502 0.023437
1 0.305381 0.444140 0.009229 0.021094
0 0.321202 0.441797 0.009229 0.030469
2 0.135313 0.427734 0.003955 0.021094
2 0.054234 0.425390 0.002637 0.021094
2 0.101036 0.450000 0.003955 0.018750
2 0.075328 0.447656 0.002637 0.018750
0 0.168931 0.464062 0.005273 0.018750
2 0.161021 0.440625 0.005273 0.023437
