2 0.478557 0.299503 0.010058 0.055430
2 0.719948 0.228874 0.012070 0.064371
2 0.773255 0.345993 0.008046 0.033974
2 0.789851 0.441656 0.013075 0.028609
2 0.187380 0.395166 0.013075 0.050066
0 0.257785 0.286987 0.013075 0.044702
0 0.350821 0.387119 0.010058 0.048278
2 0.384515 0.460430 0.009052 0.023245
2 0.427764 0.457748 0.007041 0.017881
2 0.470008 0.435397 0.005029 0.019669
2 0.516777 0.459536 0.006035 0.021457
0 0.492638 0.297715 0.010058 0.048278
2 0.510240 0.430927 0.009052 0.021457
2 0.494147 0.448808 0.005029 0.021457
0 0.769735 0.442550 0.009052 0.026821
