2 0.447465 0.254773 0.013658 0.036421
2 0.525997 0.251131 0.009560 0.038849
2 0.172942 0.195285 0.010926 0.053417
2 0.082801 0.245061 0.010926 0.021853
2 0.294497 0.366464 0.010926 0.021853
2 0.319764 0.376176 0.012292 0.021853
2 0.376444 0.353109 0.008195 0.019424
2 0.404443 0.391958 0.009560 0.019424
0 0.185234 0.197713 0.016389 0.058273
0 0.162016 0.192857 0.013658 0.067986
0 0.079386 0.292408 0.012292 0.024281
0 0.073240 0.345825 0.013658 0.024281
0 0.088264 0.347039 0.010926 0.026709
0 0.676234 0.214710 0.015024 0.063130
2 0.462488 0.350681 0.010926 0.019424
