0 0.384522 0.459251 0.008057 0.023276
0 0.439914 0.428813 0.008057 0.030438
0 0.286327 0.460146 0.007050 0.025066
0 0.278773 0.493269 0.006043 0.023276
0 0.250070 0.424337 0.007050 0.032228
0 0.234963 0.459251 0.007050 0.037599
0 0.269206 0.516545 0.007050 0.023276
0 0.327115 0.499536 0.008057 0.010743
0 0.322080 0.512069 0.006043 0.014324
0 0.359344 0.513860 0.008057 0.010743
0 0.340712 0.512964 0.005036 0.016114
0 0.375458 0.513860 0.008057 0.014324
0 0.380997 0.498641 0.015107 0.012533
0 0.989303 0.311539 0.019135 0.071618
