0 0.258508 0.168218 0.020815 0.077836
0 0.738330 0.114414 0.027770 0.114839
0 0.096298 0.415548 0.015073 0.033176
0 0.116036 0.418100 0.015790 0.033176
0 0.764399 0.485303 0.010048 0.022968
0 0.745379 0.489131 0.006460 0.017864
0 0.539027 0.491895 0.005742 0.007656
0 0.533285 0.511673 0.005742 0.006380
0 0.474071 0.483601 0.006460 0.011484
0 0.507088 0.508483 0.005024 0.010208
0 0.528979 0.519967 0.007177 0.010208
0 0.502063 0.512311 0.003589 0.010208
0 0.442490 0.521243 0.003589 0.010208
2 0.708056 0.118667 0.030863 0.113563
