2 0.479631 0.285302 0.008608 0.030605
2 0.737857 0.269150 0.014346 0.039106
2 0.825366 0.361814 0.009564 0.020403
2 0.532710 0.357563 0.005738 0.018703
2 0.614960 0.353313 0.005738 0.017003
2 0.589616 0.369465 0.006695 0.015302
2 0.561880 0.369465 0.002869 0.015302
2 0.610178 0.381367 0.005738 0.015302
0 0.813412 0.363514 0.008608 0.017003
0 0.581965 0.374566 0.004782 0.015302
0 0.567619 0.374566 0.004782 0.015302
0 0.230012 0.343961 0.012433 0.022103
2 0.354822 0.360114 0.009564 0.027204
0 0.961461 0.348212 0.010520 0.023804
0 0.893079 0.229194 0.013389 0.037406
