0 0.291370 0.228235 0.015402 0.061348
0 0.659360 0.247991 0.048740 0.022529
0 0.706541 0.339493 0.007798 0.039859
0 0.800220 0.387150 0.016572 0.024262
0 0.209584 0.343826 0.009748 0.045058
0 0.694941 0.288716 0.008773 0.048524
0 0.662772 0.328575 0.012673 0.103980
0 0.683730 0.357170 0.005849 0.043325
0 0.713949 0.363235 0.009748 0.006932
0 0.712487 0.370167 0.024370 0.010398
0 0.587224 0.431688 0.009748 0.005199
0 0.587224 0.410026 0.009748 0.017330
0 0.625242 0.397028 0.011698 0.039859
0 0.624203 0.222398 0.017219 0.065816
