2 0.371824 0.199704 0.014229 0.053254
2 0.515986 0.236982 0.011982 0.045266
0 0.505875 0.237648 0.014229 0.046598
0 0.642174 0.376109 0.011233 0.019970
0 0.632812 0.374112 0.010484 0.018639
0 0.540324 0.407396 0.008238 0.010651
0 0.431488 0.411295 0.007235 0.015786
2 0.515237 0.374112 0.008987 0.021302
2 0.502131 0.396746 0.005242 0.013314
2 0.472924 0.398743 0.005242 0.014645
2 0.480039 0.401405 0.004493 0.014645
2 0.497263 0.410725 0.005991 0.009320
0 0.321476 0.382127 0.008238 0.023964
0 0.728498 0.336860 0.008987 0.026627
