2 0.596095 0.439313 0.010723 0.025995
2 0.375301 0.341399 0.011698 0.045058
2 0.476194 0.309339 0.010723 0.039859
2 0.411369 0.441913 0.007798 0.024262
2 0.346057 0.426316 0.011698 0.027728
2 0.824687 0.347465 0.013647 0.039859
2 0.234929 0.251284 0.025345 0.038126
2 0.123801 0.240886 0.017547 0.034660
2 0.042404 0.305007 0.018521 0.027728
0 0.829561 0.448845 0.009748 0.024262
0 0.843209 0.349198 0.015597 0.046791
2 0.503976 0.430648 0.005849 0.025995
2 0.748652 0.262548 0.011698 0.053723
0 0.768149 0.256483 0.013647 0.048524
