0 0.285005 0.628668 0.012433 0.032305
0 0.274484 0.682651 0.008608 0.019553
0 0.309154 0.570860 0.011955 0.051008
0 0.317522 0.700079 0.007173 0.011902
0 0.386860 0.618467 0.010042 0.039106
0 0.390925 0.680526 0.007651 0.017003
0 0.557098 0.546631 0.012911 0.050157
0 0.502584 0.528999 0.012911 0.043798
0 0.510474 0.648221 0.004782 0.015302
0 0.440125 0.661616 0.004891 0.017416
0 0.538209 0.685201 0.006695 0.011052
0 0.443288 0.689452 0.005260 0.009351
0 0.394751 0.699654 0.006695 0.012752
0 0.860224 0.413603 0.020084 0.051858
