0 0.043187 0.346031 0.011996 0.008531
0 0.079776 0.346031 0.015595 0.012796
0 0.113366 0.342832 0.013196 0.006398
0 0.145757 0.341765 0.013196 0.008531
0 0.182346 0.340699 0.009597 0.010663
0 0.216536 0.335367 0.010797 0.012796
0 0.250726 0.338566 0.014396 0.010663
0 0.285515 0.336433 0.014396 0.010664
0 0.319105 0.335367 0.011996 0.008531
0 0.406079 0.332168 0.010797 0.019194
0 0.622015 0.320438 0.015595 0.017062
2 0.586626 0.320438 0.016795 0.017062
2 0.515847 0.323637 0.009597 0.010663
2 0.479258 0.328969 0.015595 0.025592
