0 0.221405 0.298904 0.012433 0.034005
0 0.403119 0.241096 0.012433 0.037406
0 0.654650 0.224093 0.012433 0.040806
0 0.730971 0.357563 0.010520 0.022103
0 0.562646 0.345661 0.006695 0.018703
0 0.532519 0.336310 0.007651 0.017003
0 0.501915 0.351612 0.007651 0.017003
0 0.478005 0.346512 0.005738 0.017003
0 0.520086 0.369465 0.005738 0.015302
0 0.556907 0.372015 0.004782 0.013602
0 0.432098 0.392418 0.005738 0.013602
0 0.218057 0.353313 0.011477 0.023804
2 0.549447 0.394204 0.006695 0.012412
2 0.538449 0.389698 0.005738 0.013602
