0 0.289314 0.202747 0.019767 0.040998
0 0.294332 0.442246 0.021566 0.042259
0 0.109766 0.482411 0.014825 0.052711
0 0.515397 0.377720 0.009060 0.024892
0 0.474216 0.401879 0.010707 0.023427
0 0.641410 0.436288 0.012354 0.030748
0 0.785955 0.289867 0.019767 0.083460
0 0.593641 0.387237 0.009060 0.029284
2 0.551636 0.466304 0.009060 0.017570
2 0.533105 0.488268 0.009883 0.020499
2 0.552872 0.480946 0.008236 0.017570
2 0.559460 0.482411 0.008236 0.014642
0 0.292930 0.407253 0.008773 0.020796
2 0.219332 0.339666 0.009748 0.020796
2 0.238341 0.347465 0.010723 0.019063
