2 0.234190 0.275859 0.009229 0.039844
2 0.540049 0.086016 0.019775 0.086719
2 0.540049 0.333281 0.009229 0.037500
2 0.909849 0.359062 0.021094 0.042187
2 0.115538 0.408281 0.014502 0.023437
0 0.130699 0.318047 0.013184 0.039844
0 0.225621 0.274687 0.007910 0.037500
0 0.246055 0.275859 0.011865 0.039844
0 0.516978 0.094219 0.018457 0.084375
0 0.561802 0.094219 0.015820 0.079687
0 0.868980 0.363750 0.010547 0.028125
0 0.387779 0.404765 0.010547 0.025781
0 0.445786 0.412968 0.010547 0.028125
0 0.514341 0.408281 0.010547 0.018750
2 0.625083 0.420000 0.010547 0.023437
0 0.723960 0.274687 0.015820 0.051562
0 0.530161 0.326250 0.010547 0.042187
0 0.402596 0.424583 0.005849 0.017330
