2 0.296536 0.478428 0.016113 0.024025
2 0.507040 0.362463 0.015073 0.036037
2 0.557457 0.514003 0.015073 0.019405
2 0.596439 0.501991 0.009876 0.013860
2 0.830983 0.283921 0.015593 0.047125
2 0.686488 0.500143 0.009356 0.017556
2 0.410234 0.383716 0.015073 0.047125
2 0.601767 0.546344 0.007277 0.012012
2 0.591372 0.542186 0.006237 0.016632
2 0.987647 0.476878 0.011598 0.037113
0 0.969760 0.475656 0.020791 0.033265
0 0.812271 0.265903 0.016632 0.046201
0 0.289389 0.512155 0.012474 0.023101
0 0.651664 0.538952 0.010395 0.015708
