2 0.037986 0.226901 0.011931 0.049908
2 0.155191 0.243121 0.011931 0.019963
2 0.316260 0.245617 0.018247 0.024954
2 0.412761 0.250607 0.013335 0.022458
2 0.518386 0.243745 0.019651 0.038678
2 0.668275 0.232516 0.019651 0.036183
2 0.589420 0.324221 0.007720 0.009982
2 0.546258 0.327340 0.005615 0.008734
2 0.505903 0.327964 0.009124 0.009982
2 0.466952 0.331707 0.005615 0.009982
2 0.309392 0.339193 0.007720 0.012477
2 0.268335 0.339193 0.009826 0.009982
0 0.388039 0.333507 0.007720 0.013725
0 0.428394 0.329764 0.007018 0.013725
0 0.023432 0.056108 0.031561 0.102015
