2 0.451823 0.121309 0.010723 0.041592
2 0.587809 0.106579 0.013647 0.053723
2 0.434764 0.211425 0.007798 0.020796
2 0.476681 0.218357 0.009748 0.013864
2 0.449386 0.231354 0.007798 0.015597
2 0.366040 0.246085 0.008773 0.013864
2 0.405033 0.240886 0.010723 0.020796
0 0.128187 0.153370 0.034118 0.046791
0 0.292442 0.206226 0.013647 0.020796
0 0.302678 0.207959 0.008773 0.024262
0 0.683340 0.236553 0.013647 0.019063
0 0.934841 0.199294 0.017547 0.031194
0 0.805679 0.060655 0.018521 0.051990
0 0.577086 0.111778 0.009748 0.046791
