2 0.525746 0.373438 0.006237 0.013860
2 0.564338 0.397000 0.005458 0.011088
2 0.607608 0.374131 0.006237 0.012474
2 0.618134 0.394228 0.007017 0.013860
2 0.634506 0.392149 0.008576 0.012474
2 0.651269 0.390763 0.007796 0.012474
2 0.648540 0.408782 0.007017 0.012474
2 0.514441 0.392149 0.007017 0.018018
2 0.071435 0.381754 0.012474 0.013860
2 0.176297 0.396505 0.008576 0.012474
0 0.473732 0.416108 0.006237 0.012474
0 0.481139 0.384229 0.005458 0.012474
0 0.655779 0.415415 0.007017 0.011088
0 0.036466 0.430321 0.011695 0.019405
2 0.027500 0.434479 0.007796 0.013860
0 0.476186 0.367949 0.007017 0.016632
