2 0.816679 0.248794 0.014813 0.056828
0 0.826814 0.342351 0.014813 0.036037
2 0.542634 0.282752 0.015593 0.047125
2 0.347332 0.331263 0.010135 0.027721
0 0.140336 0.386704 0.014034 0.030493
0 0.185166 0.418583 0.010135 0.016632
2 0.204267 0.433830 0.006237 0.013860
2 0.437771 0.397100 0.007017 0.012474
2 0.394111 0.413039 0.005458 0.013860
2 0.451025 0.407495 0.003898 0.013860
0 0.519885 0.275835 0.009356 0.013860
2 0.441280 0.327798 0.009356 0.015246
0 0.335248 0.432444 0.004678 0.008316
2 0.345383 0.429672 0.006237 0.011088
