2 0.603330 0.432422 0.009229 0.049219
2 0.364707 0.459375 0.006592 0.037500
0 0.374595 0.461718 0.005273 0.037500
0 0.612559 0.440625 0.006592 0.046875
2 0.525547 0.549609 0.006592 0.021094
2 0.480723 0.547265 0.006592 0.021094
2 0.528843 0.581250 0.005273 0.018750
2 0.506431 0.580078 0.005273 0.021094
2 0.774058 0.587109 0.018457 0.035156
2 0.083238 0.476953 0.007910 0.025781
0 0.074669 0.462890 0.006592 0.025781
1 0.184751 0.520312 0.015820 0.032812
1 0.568394 0.604687 0.023730 0.042187
1 0.581577 0.617578 0.021094 0.039844
1 0.596079 0.623437 0.026367 0.056250
