2 0.332826 0.721028 0.006888 0.016837
2 0.355868 0.720664 0.006888 0.016837
2 0.380405 0.719898 0.007749 0.021429
2 0.415274 0.720664 0.008610 0.013776
2 0.435507 0.722194 0.006027 0.016837
2 0.457462 0.724490 0.006888 0.018367
2 0.489748 0.720664 0.007749 0.019898
2 0.389087 0.548215 0.021668 0.055612
2 0.453157 0.544643 0.029273 0.062755
2 0.280102 0.726021 0.006888 0.015306
2 0.311097 0.724490 0.010332 0.018367
2 0.396333 0.727551 0.010332 0.018367
2 0.550160 0.452806 0.008610 0.016837
2 0.636489 0.690336 0.017219 0.030612
2 0.018312 0.555642 0.022385 0.061225
2 0.421445 0.519643 0.041327 0.022959
2 0.634965 0.596174 0.024107 0.071939
2 0.632813 0.531123 0.016358 0.039796
