0 0.496954 0.414661 0.007722 0.013729
0 0.476790 0.409322 0.006864 0.009153
0 0.350371 0.259068 0.012013 0.050339
0 0.849184 0.386441 0.008581 0.018305
0 0.031319 0.202627 0.021451 0.077797
2 0.333353 0.261356 0.011155 0.048814
2 0.532420 0.403220 0.006006 0.012203
2 0.562881 0.412373 0.006864 0.009153
2 0.577039 0.422288 0.007722 0.013729
2 0.545291 0.426102 0.007722 0.009153
2 0.674428 0.285000 0.008581 0.038136
2 0.870787 0.387203 0.009439 0.016780
2 0.174908 0.397881 0.011155 0.019831
0 0.185596 0.437034 0.009439 0.016780
