2 0.174491 0.292876 0.013647 0.058922
2 0.111128 0.408120 0.011698 0.036393
2 0.404058 0.382991 0.010723 0.041592
2 0.490816 0.430648 0.008773 0.032927
2 0.492278 0.477439 0.013647 0.019063
0 0.160843 0.420250 0.015597 0.032927
0 0.307552 0.466175 0.006824 0.024262
0 0.385537 0.467041 0.004874 0.015597
0 0.378225 0.474840 0.005849 0.017330
0 0.341670 0.473973 0.008773 0.015597
0 0.419167 0.498235 0.007798 0.012131
0 0.280257 0.504301 0.008773 0.013864
0 0.317300 0.502568 0.006824 0.017330
0 0.579523 0.434981 0.024370 0.031194
