2 0.147294 0.189691 0.016237 0.032990
2 0.009278 0.347423 0.018557 0.030928
2 0.239497 0.395876 0.015077 0.016495
2 0.330541 0.394845 0.013918 0.018557
2 0.299227 0.440206 0.009278 0.022680
2 0.415206 0.357732 0.013918 0.026804
2 0.561920 0.296907 0.015077 0.020619
2 0.562500 0.394845 0.011598 0.026804
0 0.043492 0.252577 0.015077 0.030928
0 0.069008 0.380412 0.012758 0.026804
0 0.168170 0.460825 0.011598 0.018557
0 0.557861 0.449485 0.009278 0.016495
0 0.931663 0.427835 0.019716 0.039175
0 0.176289 0.156701 0.020876 0.041237
