0 0.206952 0.251341 0.029967 0.103327
0 0.610655 0.320296 0.013918 0.072165
0 0.455242 0.444008 0.011598 0.051546
0 0.872768 0.317204 0.011598 0.020619
0 0.733593 0.541946 0.011598 0.016495
0 0.693000 0.498647 0.009278 0.016495
0 0.631531 0.512049 0.011598 0.022680
0 0.605436 0.528544 0.010438 0.014433
0 0.651827 0.530606 0.008119 0.018557
0 0.571802 0.535760 0.008119 0.020619
0 0.441905 0.502771 0.022036 0.024742
2 0.369417 0.265657 0.018557 0.065979
2 0.628631 0.328544 0.010438 0.051546
0 0.189174 0.381010 0.028082 0.072804
