2 0.404117 0.280904 0.008316 0.022177
2 0.487539 0.299846 0.005717 0.017556
2 0.382286 0.341889 0.006237 0.014784
2 0.344863 0.364990 0.006237 0.011088
2 0.445958 0.357136 0.005717 0.010164
2 0.413212 0.372382 0.005717 0.009240
2 0.449076 0.371920 0.004678 0.006468
2 0.488838 0.358060 0.006237 0.012012
2 0.494036 0.394559 0.005198 0.007392
1 0.528080 0.293840 0.007796 0.020329
1 0.567063 0.316479 0.007796 0.017556
1 0.553809 0.284138 0.008316 0.032341
1 0.544193 0.297536 0.004678 0.014784
0 0.245588 0.324795 0.006237 0.015708
0 0.263260 0.343275 0.006237 0.013860
2 0.303542 0.355288 0.006757 0.008316
0 0.261701 0.394097 0.004158 0.008316
0 0.273656 0.391325 0.004158 0.006468
0 0.288729 0.395483 0.004158 0.005544
0 0.300424 0.379774 0.005717 0.007392
2 0.671535 0.423203 0.007796 0.016632
0 0.619819 0.386242 0.006237 0.012936
