2 0.446096 0.405396 0.011698 0.057189
2 0.633747 0.406263 0.012673 0.055456
2 0.492400 0.535371 0.006824 0.015597
2 0.499711 0.570278 0.007798 0.012131
2 0.513846 0.576344 0.008773 0.013864
2 0.553813 0.543417 0.008773 0.017330
2 0.537728 0.570278 0.007798 0.012131
2 0.529930 0.578943 0.007798 0.012131
0 0.025345 0.272946 0.021446 0.098781
0 0.317139 0.451367 0.018200 0.046946
0 0.458647 0.408120 0.014622 0.064121
0 0.479118 0.571887 0.008773 0.013864
0 0.468883 0.564955 0.007798 0.013864
2 0.798855 0.535494 0.010723 0.020796
0 0.786670 0.535494 0.011698 0.024262
