0 0.108105 0.367578 0.031641 0.044531
0 0.168750 0.410937 0.015820 0.037500
0 0.392212 0.178906 0.022412 0.032812
0 0.697412 0.258594 0.013184 0.028125
2 0.373755 0.212109 0.011865 0.030469
2 0.684887 0.283594 0.019775 0.037500
2 0.573486 0.397265 0.010547 0.021094
2 0.495703 0.398437 0.010547 0.023437
0 0.312451 0.264844 0.023730 0.028125
0 0.269604 0.380859 0.011865 0.016406
0 0.240600 0.396093 0.014502 0.018750
0 0.452856 0.394922 0.009229 0.035156
0 0.959765 0.269531 0.023730 0.028125
0 0.957787 0.311719 0.019775 0.023437
0 0.645996 0.380692 0.005273 0.018750
