2 0.452237 0.254552 0.008926 0.034005
2 0.600432 0.321428 0.008926 0.024937
2 0.830922 0.174640 0.014665 0.046474
2 0.497961 0.367821 0.005101 0.012469
0 0.060890 0.306612 0.007014 0.012469
0 0.117636 0.310013 0.007014 0.014736
0 0.098508 0.361020 0.004463 0.012469
0 0.082568 0.406927 0.008289 0.018136
0 0.197335 0.373489 0.008289 0.019270
0 0.251850 0.367821 0.008926 0.019270
0 0.254081 0.398426 0.008289 0.019270
0 0.198292 0.406360 0.005101 0.012469
0 0.378731 0.237091 0.008926 0.020781
0 0.600295 0.351763 0.007014 0.018136
