2 0.059793 0.325807 0.011959 0.012756
2 0.050226 0.344941 0.011959 0.017008
2 0.218844 0.283287 0.007175 0.029764
2 0.379688 0.318366 0.010763 0.031890
0 0.577902 0.416162 0.011959 0.019134
0 0.480439 0.415099 0.010763 0.012756
0 0.319595 0.361949 0.009567 0.017008
0 0.240070 0.351319 0.010763 0.017008
0 0.208978 0.351319 0.010763 0.017008
0 0.269967 0.373642 0.008371 0.019134
0 0.219143 0.367264 0.009567 0.014882
0 0.149184 0.354508 0.010763 0.014882
0 0.180875 0.365138 0.011959 0.014882
0 0.204194 0.376831 0.010763 0.012756
0 0.176091 0.382146 0.009567 0.010630
0 0.348296 0.404469 0.009567 0.008504
