2 0.398822 0.167067 0.022011 0.072925
2 0.621057 0.364625 0.012006 0.019565
2 0.606550 0.382411 0.009004 0.016008
2 0.579536 0.386858 0.011005 0.014229
2 0.572033 0.393972 0.008004 0.014229
2 0.539016 0.374407 0.008004 0.017787
2 0.518006 0.406423 0.008004 0.014229
0 0.362429 0.143182 0.015007 0.023123
0 0.231865 0.223221 0.018009 0.016008
0 0.246372 0.400198 0.029014 0.032016
0 0.591542 0.384190 0.011005 0.017787
0 0.669631 0.401976 0.013006 0.024901
0 0.684138 0.395751 0.014007 0.023123
0 0.712652 0.400198 0.013006 0.017787
0 0.728160 0.397530 0.010005 0.019565
