2 0.188138 0.449711 0.007798 0.036393
2 0.341670 0.405520 0.006824 0.027728
2 0.494228 0.434114 0.007798 0.032927
2 0.583422 0.393389 0.006824 0.038126
2 0.380662 0.534628 0.006824 0.019063
2 0.334846 0.551091 0.004874 0.013864
2 0.416730 0.542426 0.006824 0.017330
2 0.451823 0.530295 0.004874 0.020796
2 0.434764 0.552824 0.005849 0.017330
2 0.364578 0.558023 0.005849 0.013864
2 0.389923 0.551091 0.003899 0.013864
2 0.733055 0.492170 0.011698 0.024262
0 0.711610 0.500835 0.009748 0.017330
0 0.201298 0.536361 0.008773 0.015597
