2 0.259752 0.376540 0.014034 0.033265
2 0.330180 0.357598 0.010395 0.030493
2 0.385795 0.457392 0.007277 0.017556
2 0.403207 0.457854 0.006757 0.018480
2 0.455443 0.443070 0.008316 0.012936
2 0.513657 0.383470 0.009356 0.024949
2 0.569272 0.379312 0.011435 0.025873
2 0.530029 0.439374 0.006757 0.012936
0 0.127550 0.371735 0.013514 0.047125
0 0.120793 0.434107 0.008316 0.024025
0 0.259830 0.409158 0.008836 0.024025
0 0.255412 0.448891 0.013514 0.029569
0 0.338314 0.337177 0.006757 0.018665
0 0.320642 0.341335 0.007796 0.023285
