2 0.202318 0.337500 0.016373 0.015246
2 0.233894 0.310472 0.006237 0.013860
2 0.336417 0.326412 0.005458 0.018018
2 0.542633 0.332649 0.012474 0.022177
2 0.582395 0.348588 0.010915 0.015246
2 0.641648 0.320174 0.012474 0.016632
2 0.718833 0.355518 0.010915 0.018018
2 0.846695 0.402644 0.007796 0.012474
0 0.448686 0.302849 0.021050 0.026335
0 0.552535 0.358290 0.017620 0.026335
0 0.833831 0.349974 0.007017 0.012474
0 0.843576 0.415118 0.010915 0.015246
0 0.447828 0.428285 0.015593 0.022177
2 0.823695 0.404723 0.008576 0.011088
2 0.658800 0.394327 0.006237 0.009702
0 0.976740 0.286355 0.012474 0.036037
