2 0.674645 0.238026 0.014388 0.081000
0 0.697426 0.247263 0.016786 0.082421
0 0.894864 0.526500 0.010391 0.027000
0 0.574358 0.510158 0.011929 0.028421
0 0.508382 0.491684 0.007993 0.031263
0 0.528765 0.530763 0.007194 0.021316
0 0.578724 0.548526 0.006395 0.014211
0 0.542354 0.548526 0.005595 0.017053
0 0.511979 0.542842 0.010391 0.014211
0 0.103915 0.396474 0.009592 0.034105
2 0.264183 0.713369 0.010391 0.002842
2 0.076337 0.392211 0.021582 0.039789
2 0.923240 0.530053 0.030375 0.034105
0 0.444976 0.531474 0.007993 0.011368
