2 0.319806 0.305684 0.008422 0.037431
2 0.521463 0.336876 0.005615 0.032440
2 0.462510 0.410490 0.005615 0.012477
2 0.449175 0.426710 0.004211 0.009982
2 0.451281 0.435444 0.005615 0.007486
2 0.404960 0.408618 0.005615 0.011229
2 0.409873 0.427334 0.007018 0.011229
0 0.116714 0.402380 0.014738 0.026201
0 0.241287 0.424214 0.007018 0.014972
0 0.590095 0.422967 0.004211 0.014972
0 0.637819 0.399261 0.007018 0.017468
0 0.356036 0.439187 0.004913 0.009982
2 0.425131 0.438563 0.004913 0.009982
2 0.440922 0.436691 0.007018 0.008734
2 0.234410 0.420999 0.008422 0.013725
