2 0.107212 0.158092 0.012989 0.046184
2 0.099218 0.213158 0.018984 0.031974
2 0.508382 0.235362 0.007993 0.019539
2 0.608299 0.230921 0.005995 0.017763
2 0.671248 0.219375 0.005995 0.015987
2 0.400970 0.265559 0.006994 0.019539
2 0.443935 0.273553 0.006994 0.014211
2 0.478406 0.008882 0.021982 0.017763
2 0.894064 0.011546 0.009992 0.019539
0 0.136188 0.229145 0.010991 0.024868
0 0.475409 0.238914 0.005995 0.015987
0 0.486400 0.258454 0.005995 0.015987
0 0.469913 0.274441 0.008993 0.015987
0 0.539856 0.262895 0.006994 0.017763
