0 0.445127 0.135703 0.017139 0.114844
2 0.466221 0.140625 0.022412 0.107812
2 0.421397 0.148828 0.025049 0.124219
2 0.915781 0.065625 0.040869 0.065625
0 0.588169 0.502734 0.010547 0.035156
0 0.981699 0.365625 0.030322 0.060937
0 0.495884 0.509765 0.005273 0.030469
0 0.468858 0.496875 0.006592 0.028125
0 0.429966 0.501562 0.007910 0.018750
0 0.007432 0.510937 0.011865 0.032812
0 0.441831 0.529687 0.007910 0.023437
0 0.464243 0.530859 0.005273 0.021094
0 0.378550 0.534375 0.007910 0.028125
2 0.797788 0.492187 0.013184 0.023437
2 0.004136 0.346875 0.007910 0.065625
