2 0.156094 0.411562 0.018984 0.067500
2 0.337500 0.264375 0.014766 0.054375
0 0.154512 0.315000 0.017930 0.065625
2 0.566894 0.247500 0.013711 0.054375
2 0.379687 0.449062 0.010547 0.018750
2 0.325371 0.476250 0.007383 0.020625
0 0.767812 0.290625 0.017930 0.054375
2 0.785742 0.407812 0.020039 0.037500
0 0.413174 0.471875 0.018457 0.018750
0 0.437695 0.474687 0.010547 0.016875
2 0.463535 0.447500 0.007383 0.022500
0 0.384785 0.483125 0.009492 0.018750
0 0.445781 0.462500 0.008437 0.015000
0 0.761350 0.412549 0.009875 0.028088
