0 0.900533 0.266598 0.019903 0.055796
2 0.814032 0.521084 0.007655 0.012248
2 0.465232 0.373904 0.016075 0.038105
2 0.369545 0.421535 0.014544 0.038105
2 0.561111 0.409967 0.012248 0.031300
2 0.526663 0.495703 0.007655 0.017692
2 0.472313 0.501147 0.006124 0.009526
2 0.422555 0.524962 0.007655 0.016331
2 0.406097 0.520199 0.008420 0.017692
2 0.228119 0.372543 0.016075 0.035383
0 0.218014 0.340086 0.006124 0.025857
0 0.239448 0.334642 0.012248 0.028579
0 0.137832 0.397816 0.014170 0.041041
0 0.133426 0.508155 0.011482 0.029940
0 0.355804 0.440791 0.009186 0.025857
0 0.552231 0.541497 0.007655 0.012248
0 0.481499 0.515640 0.006124 0.014970
0 0.473078 0.517682 0.006124 0.010887
0 0.463892 0.517682 0.007655 0.010887
