2 0.337349 0.341749 0.019121 0.031565
2 0.437051 0.299258 0.016389 0.029137
2 0.424759 0.470437 0.010926 0.021853
2 0.396760 0.470437 0.012292 0.016996
2 0.404955 0.495931 0.009560 0.019424
2 0.394711 0.498359 0.010926 0.019424
0 0.324237 0.497995 0.008195 0.026709
0 0.761971 0.396017 0.020487 0.046133
2 0.557103 0.421997 0.025950 0.019424
2 0.569395 0.400144 0.017755 0.019424
2 0.549591 0.350369 0.010926 0.016996
2 0.467781 0.444942 0.016389 0.024281
2 0.469147 0.465580 0.010926 0.016996
2 0.559971 0.296830 0.023218 0.014568
2 0.490999 0.500787 0.008195 0.019424
0 0.736157 0.315041 0.017755 0.089838
