1 0.532004 0.405624 0.011701 0.037442
1 0.297405 0.413945 0.012871 0.029122
1 0.108439 0.496110 0.016381 0.027042
0 0.649596 0.531472 0.010531 0.022881
0 0.821011 0.490909 0.014041 0.024961
0 0.641991 0.532512 0.009361 0.024961
0 0.099663 0.532512 0.010531 0.024961
0 0.089718 0.536672 0.009361 0.024961
2 0.343038 0.538752 0.010531 0.020801
2 0.420847 0.565794 0.009361 0.016641
2 0.366439 0.575154 0.010531 0.014561
2 0.375215 0.565794 0.011701 0.016641
2 0.419092 0.538752 0.008190 0.016641
2 0.303255 0.568914 0.012871 0.022881
0 0.482276 0.561634 0.008190 0.016641
