2 0.126026 0.074205 0.029168 0.123377
0 0.275387 0.058113 0.020116 0.073311
2 0.243201 0.240497 0.018104 0.076887
2 0.409660 0.244073 0.011064 0.048278
2 0.510150 0.251017 0.018930 0.058590
2 0.614339 0.246755 0.012070 0.060795
2 0.755654 0.243179 0.011064 0.039338
2 0.003923 0.247649 0.007845 0.051854
2 0.228114 0.359404 0.006035 0.014305
2 0.271363 0.357616 0.008046 0.014305
2 0.318133 0.355828 0.009052 0.014305
2 0.353839 0.354934 0.012070 0.016093
2 0.397591 0.353146 0.009052 0.016093
2 0.433799 0.348675 0.007041 0.014305
2 0.474031 0.345993 0.011064 0.016093
2 0.557512 0.343311 0.009052 0.017881
0 0.513760 0.345993 0.010058 0.019669
