2 0.543943 0.216624 0.015597 0.065854
2 0.148658 0.319737 0.020471 0.071053
0 0.527371 0.219223 0.013647 0.060655
1 0.204222 0.169833 0.018521 0.090116
1 0.352880 0.273813 0.013647 0.062388
1 0.375788 0.311939 0.012673 0.020796
1 0.387974 0.364795 0.009748 0.015597
1 0.640449 0.290276 0.015597 0.022529
2 0.338258 0.415918 0.009748 0.031194
2 0.124288 0.386457 0.018521 0.024262
0 0.142322 0.382991 0.011698 0.024262
0 0.892924 0.489570 0.011698 0.025995
2 0.902672 0.493036 0.009748 0.022529
0 0.464634 0.452288 0.007722 0.010678
0 0.417871 0.443898 0.006864 0.009153
0 0.399852 0.459152 0.010297 0.009153
0 0.389984 0.453813 0.006006 0.013729
