0 0.600034 0.088152 0.015595 0.089573
0 0.583239 0.092417 0.015595 0.081043
0 0.770984 0.305687 0.019194 0.029858
0 0.517859 0.285426 0.007198 0.027725
0 0.552648 0.271564 0.007198 0.021327
0 0.334913 0.277962 0.008398 0.025592
0 0.343311 0.280095 0.005998 0.029858
0 0.178360 0.347275 0.016795 0.027725
0 0.225146 0.356872 0.009597 0.029858
0 0.301323 0.367535 0.010797 0.017062
0 0.360106 0.324881 0.008398 0.017062
0 0.609631 0.350474 0.010797 0.017062
0 0.601834 0.350474 0.011996 0.017062
0 0.221547 0.319550 0.011996 0.036256
0 0.533454 0.325948 0.007198 0.023460
0 0.511261 0.353673 0.010797 0.014929
0 0.493266 0.362204 0.010797 0.014929
0 0.658217 0.333412 0.009597 0.017062
