2 0.158653 0.240995 0.019194 0.023460
2 0.330802 0.022393 0.022793 0.038389
2 0.696093 0.020794 0.026392 0.041588
2 0.603721 0.395616 0.011996 0.021327
2 0.531142 0.389218 0.010797 0.017062
2 0.466618 0.341232 0.016108 0.019194
2 0.451966 0.380687 0.013196 0.017062
2 0.417176 0.414810 0.008398 0.017062
2 0.360793 0.376422 0.010797 0.021327
0 0.150855 0.287915 0.013196 0.027725
0 0.131061 0.291114 0.011996 0.029858
2 0.766272 0.349763 0.020394 0.036256
0 0.743479 0.350829 0.013196 0.034123
0 0.216748 0.409478 0.011996 0.017062
