2 0.159873 0.180584 0.013943 0.047923
2 0.383405 0.283590 0.009361 0.033282
2 0.471745 0.370956 0.008190 0.024961
2 0.461215 0.368875 0.008190 0.020801
2 0.423773 0.350154 0.008190 0.024961
2 0.399201 0.359515 0.010531 0.022881
2 0.378140 0.374076 0.008190 0.022881
2 0.395106 0.387597 0.009361 0.024961
0 0.204384 0.340794 0.007020 0.022881
0 0.265813 0.358475 0.010531 0.033282
0 0.373460 0.283590 0.005850 0.033282
0 0.430208 0.351194 0.009361 0.027042
0 0.401541 0.389677 0.008190 0.029122
0 0.842073 0.384476 0.023401 0.022881
