0 0.563120 0.233672 0.018457 0.067969
0 0.753623 0.350859 0.017139 0.063281
2 0.727915 0.352031 0.015820 0.056250
0 0.840635 0.409453 0.022412 0.039844
2 0.433921 0.505547 0.010547 0.025781
2 0.596738 0.483281 0.011865 0.018750
2 0.545982 0.479765 0.010547 0.030469
2 0.494566 0.491484 0.007910 0.021094
2 0.460288 0.523125 0.007910 0.023437
2 0.474790 0.526640 0.007910 0.021094
2 0.509727 0.506718 0.009229 0.023437
2 0.526206 0.499687 0.007910 0.023437
0 0.408872 0.525468 0.007910 0.018750
0 0.404917 0.547734 0.007910 0.021094
0 0.374595 0.532500 0.007910 0.018750
