2 0.253450 0.215757 0.011698 0.043325
2 0.237366 0.212291 0.016572 0.060655
2 0.589759 0.302407 0.011698 0.043325
2 0.484967 0.354397 0.012673 0.022529
2 0.485454 0.380392 0.015597 0.022529
2 0.875377 0.096181 0.015597 0.084917
2 0.788132 0.368261 0.016572 0.029461
2 0.561977 0.465308 0.008773 0.015597
0 0.834436 0.103113 0.019496 0.095315
0 0.489841 0.446245 0.010723 0.025995
0 0.301216 0.455777 0.007798 0.013864
2 0.288056 0.456643 0.008773 0.019063
2 0.792031 0.458376 0.016572 0.019063
0 0.265808 0.211136 0.013647 0.060655
