2 0.284048 0.323048 0.013389 0.042506
2 0.611135 0.378306 0.007651 0.037406
2 0.597745 0.470970 0.007651 0.015302
2 0.624046 0.470970 0.006695 0.015302
2 0.564750 0.497324 0.006695 0.017003
2 0.611613 0.494774 0.006695 0.015302
0 0.619742 0.380006 0.007651 0.034005
0 0.603483 0.374906 0.005738 0.034005
0 0.275441 0.325598 0.005738 0.037406
0 0.298394 0.322198 0.011477 0.034005
0 0.283092 0.480321 0.017215 0.023804
0 0.773721 0.468420 0.018171 0.023804
0 0.875099 0.441216 0.037299 0.030605
0 0.307182 0.480653 0.011855 0.021076
