2 0.284782 0.267765 0.016381 0.024961
2 0.397694 0.249564 0.010531 0.019761
2 0.607136 0.255805 0.017551 0.034322
0 0.553898 0.308328 0.014041 0.020801
0 0.530204 0.326009 0.009946 0.016641
0 0.489251 0.306248 0.011116 0.016641
0 0.369904 0.305208 0.008776 0.012481
0 0.384238 0.279726 0.009361 0.013521
0 0.397109 0.278686 0.007020 0.011441
0 0.414660 0.298967 0.012871 0.016641
0 0.457952 0.299487 0.007020 0.015601
0 0.473163 0.308848 0.009361 0.009361
0 0.829742 0.359811 0.011116 0.026002
0 0.702204 0.350970 0.014626 0.016641
0 0.316959 0.166879 0.008190 0.018721
0 0.547170 0.343170 0.012286 0.019761
