2 0.041000 0.411611 0.015595 0.068246
2 0.661816 0.264455 0.019194 0.059716
0 0.055996 0.406279 0.011996 0.070379
0 0.638423 0.262322 0.017995 0.072512
0 0.805173 0.331635 0.022793 0.061848
0 0.385298 0.558767 0.008398 0.025592
0 0.335513 0.513981 0.009597 0.021327
0 0.269532 0.549170 0.007198 0.023460
0 0.256336 0.520379 0.009597 0.017062
0 0.210750 0.577962 0.009597 0.021327
0 0.043999 0.542772 0.016795 0.031990
0 0.665415 0.457464 0.007198 0.023460
2 0.026005 0.545971 0.019194 0.034123
2 0.693607 0.455331 0.015595 0.036256
