2 0.166902 0.221873 0.014912 0.048943
2 0.354451 0.243285 0.011471 0.038746
0 0.338851 0.371964 0.006883 0.020393
0 0.390470 0.408671 0.004588 0.016314
0 0.426604 0.380121 0.003441 0.016314
0 0.420868 0.427024 0.003441 0.016314
0 0.408250 0.417847 0.003441 0.018353
0 0.446563 0.399494 0.003441 0.018353
0 0.478682 0.375023 0.003441 0.018353
0 0.483270 0.406631 0.005735 0.016314
0 0.278170 0.407345 0.003441 0.016314
0 0.290214 0.406326 0.004588 0.018353
0 0.260963 0.408365 0.005735 0.018353
0 0.612930 0.362991 0.016059 0.024471
0 0.595150 0.367069 0.012618 0.020393
