2 0.178361 0.332056 0.010717 0.042188
2 0.285531 0.410988 0.009186 0.014970
2 0.336437 0.400781 0.008420 0.016331
2 0.336820 0.429360 0.007655 0.010887
2 0.426383 0.261971 0.010717 0.043548
2 0.469251 0.301437 0.010717 0.035383
0 0.209747 0.243617 0.016841 0.044946
0 0.166496 0.372203 0.014544 0.021774
0 0.295865 0.316406 0.014544 0.024496
0 0.481882 0.301437 0.009951 0.035383
0 0.417197 0.259929 0.006124 0.039466
0 0.434803 0.264012 0.006124 0.036744
0 0.825591 0.198690 0.016841 0.055796
2 0.201533 0.417149 0.007655 0.027218
0 0.518449 0.413747 0.007655 0.017692
