2 0.183758 0.399526 0.013196 0.059716
2 0.332514 0.419786 0.010797 0.031990
2 0.321717 0.424052 0.010797 0.036256
2 0.561046 0.408057 0.009597 0.038389
0 0.139971 0.442180 0.016795 0.034123
0 0.042200 0.401658 0.017995 0.046919
0 0.247939 0.483767 0.011996 0.023460
0 0.237742 0.520023 0.013196 0.019194
0 0.805773 0.444312 0.019194 0.025592
2 0.411090 0.507227 0.007198 0.019194
2 0.457277 0.498696 0.008398 0.023460
2 0.354707 0.522156 0.009597 0.014929
0 0.569443 0.490166 0.011996 0.019194
0 0.551914 0.408047 0.009229 0.044531
