2 0.689117 0.186981 0.018932 0.067313
2 0.533456 0.369287 0.010518 0.046745
2 0.584467 0.422576 0.007362 0.022438
2 0.653883 0.437535 0.007362 0.018698
2 0.712782 0.425381 0.009466 0.016828
2 0.731188 0.436600 0.010518 0.016828
0 0.182271 0.243636 0.015776 0.054224
0 0.278718 0.410984 0.008414 0.014958
0 0.271882 0.456794 0.009466 0.020568
0 0.705735 0.433421 0.006311 0.014958
0 0.687855 0.437161 0.006311 0.014958
0 0.939122 0.357694 0.015776 0.028047
0 0.913564 0.360499 0.016828 0.037396
0 0.705946 0.183241 0.016828 0.059834
