2 0.399671 0.285769 0.010518 0.031787
2 0.402827 0.443768 0.008414 0.022438
2 0.475398 0.447507 0.006311 0.018698
0 0.346206 0.153947 0.017880 0.052355
0 0.444021 0.470568 0.005259 0.014958
0 0.430348 0.478047 0.005259 0.014958
0 0.420882 0.485527 0.005259 0.014958
0 0.414571 0.485527 0.005259 0.014958
0 0.061002 0.262708 0.033657 0.076662
0 0.736412 0.253359 0.011569 0.057964
0 0.710118 0.250554 0.013673 0.059834
2 0.724141 0.254294 0.011569 0.056094
2 0.896806 0.456233 0.025242 0.033657
0 0.267675 0.400139 0.007362 0.022438
