2 0.371134 0.209278 0.016237 0.059794
2 0.493492 0.294845 0.010438 0.024742
2 0.427384 0.323711 0.008119 0.020619
2 0.382732 0.339175 0.009278 0.022680
2 0.347938 0.353608 0.013918 0.026804
2 0.110180 0.356701 0.018557 0.028866
2 0.588595 0.168041 0.019716 0.051546
0 0.574678 0.165979 0.008119 0.047423
0 0.680799 0.273196 0.016237 0.039175
0 0.873905 0.208247 0.012758 0.041237
0 0.085825 0.195876 0.018557 0.053608
0 0.129317 0.198969 0.015077 0.055670
0 0.783938 0.050515 0.017397 0.080412
0 0.717830 0.073196 0.015077 0.109278
0 0.633248 0.320619 0.013918 0.026804
0 0.734150 0.324742 0.009278 0.030928
