0 0.157374 0.313579 0.010531 0.010401
2 0.184579 0.316179 0.010531 0.012481
2 0.230211 0.317219 0.010531 0.010401
2 0.205055 0.314515 0.009361 0.008320
2 0.253203 0.315555 0.009361 0.014561
2 0.473761 0.323875 0.010531 0.010401
2 0.452115 0.320755 0.009361 0.012481
2 0.433394 0.323875 0.009361 0.010401
0 0.411163 0.321795 0.011701 0.010401
0 0.394782 0.320755 0.011701 0.012481
0 0.274264 0.317635 0.009361 0.010401
1 0.299538 0.318606 0.009361 0.006240
1 0.356871 0.320686 0.011701 0.010401
1 0.316504 0.318606 0.010531 0.010401
