2 0.132961 0.270498 0.018214 0.029889
2 0.413173 0.204493 0.015412 0.037362
2 0.625434 0.170867 0.016813 0.034871
2 0.682877 0.261781 0.016813 0.027399
2 0.405467 0.315332 0.014011 0.019926
2 0.446798 0.312841 0.012610 0.019926
2 0.428585 0.330277 0.007005 0.019926
2 0.452403 0.335258 0.012610 0.019926
2 0.320002 0.331522 0.016813 0.027399
0 0.207357 0.150692 0.022417 0.037362
0 0.293522 0.256550 0.018214 0.034871
0 0.909849 0.333764 0.011208 0.029889
0 0.678674 0.348709 0.011208 0.019926
0 0.125255 0.297648 0.019615 0.027399
