1 0.306205 0.201763 0.020084 0.071411
1 0.755709 0.309729 0.014346 0.066310
0 0.178048 0.337500 0.018171 0.066310
0 0.362473 0.420813 0.005738 0.020403
0 0.379210 0.432714 0.006695 0.020403
0 0.407901 0.441216 0.010520 0.010202
0 0.421769 0.457368 0.007651 0.011902
0 0.453330 0.427614 0.005738 0.013602
0 0.481065 0.418262 0.003826 0.015302
0 0.511192 0.436965 0.006695 0.018703
0 0.585312 0.448017 0.005738 0.017003
0 0.768461 0.441216 0.021997 0.027204
0 0.515017 0.463319 0.004782 0.013602
0 0.009086 0.217632 0.018171 0.086713
