2 0.283669 0.046964 0.029244 0.093928
2 0.556615 0.105193 0.023395 0.123042
2 0.803242 0.150250 0.027295 0.112644
2 0.209584 0.521977 0.007798 0.020796
2 0.228105 0.523710 0.007798 0.013864
2 0.009261 0.431862 0.008773 0.013864
2 0.075548 0.435328 0.008773 0.013864
2 0.142322 0.437927 0.007798 0.015597
2 0.197399 0.440526 0.006824 0.013864
2 0.256862 0.443992 0.012673 0.013864
2 0.306577 0.446592 0.008773 0.012131
2 0.360679 0.448325 0.007798 0.012131
2 0.411369 0.453524 0.009748 0.015597
2 0.466446 0.456123 0.006824 0.013864
